45
000 000 000 000 000 000 000 000 000 000 000 000 000 000 000 000 000 000 000 000 000 000 000 000 000 000 000 000 000 000 000 000
001 001 001 001 001 001 001 001 001 001 001 001 001 001 001 001 001 001 001 001 001 001 001 001 001 001 001 001 001 001 001 001
002 002 002 002 002 002 002 002 002 002 002 002 002 002 002 002 002 002 002 002 002 002 002 002 002 002 002 002 002 002 002 002
003 003 003 003 003 003 003 003 003 003 003 003 003 003 003 003 003 003 003 003 003 003 003 003 003 003 003 003 003 003 003 003
004 004 004 004 004 004 004 004 004 004 004 004 004 004 004 004 004 004 004 004 004 004 004 004 004 004 004 004 004 004 004 004
005 005 005 005 005 005 005 005 005 005 005 005 005 005 005 005 005 005 005 005 005 005 005 005 005 005 005 005 005 005 005 005
006 006 006 006 006 006 006 006 006 006 006 006 006 006 006 006 006 006 006 006 006 006 006 006 006 006 006 006 006 006 006 006
007 007 007 007 007 007 007 007 007 007 007 007 007 007 007 007 007 007 007 007 007 007 007 007 007 007 007 007 007 007 007 007
008 008 008 008 008 008 008 008 008 008 008 008 008 008 008 008 008 008 008 008 008 008 008 008 008 008 008 008 008 008 008 008
009 009 009 009 009 009 009 009 009 009 009 009 009 009 009 009 009 009 009 009 009 009 009 009 009 009 009 009 009 009 009 009
010 010 010 010 010 010 010 010 010 010 010 010 010 010 010 010 010 010 010 010 010 010 010 010 010 010 010 010 010 010 010 010
011 011 011 011 011 011 011 011 011 011 011 011 011 011 011 011 011 011 011 011 011 011 011 011 011 011 011 011 011 011 011 011
012 012 012 012 012 012 012 012 012 012 012 012 012 012 012 012 012 012 012 012 012 012 012 012 012 012 012 012 012 012 012 012
013 013 013 013 013 013 013 013 013 013 013 013 013 013 013 013 013 013 013 013 013 013 013 013 013 013 013 013 013 013 013 013
014 014 014 014 014 014 014 014 014 014 014 014 014 014 014 014 014 014 014 014 014 014 014 014 014 014 014 014 014 014 014 014
015 015 015 015 015 015 015 015 015 015 015 015 015 015 015 015 015 015 015 015 015 015 015 015 015 015 015 015 015 015 015 015
016 016 016 016 016 016 016 016 016 016 016 016 016 016 016 016 016 016 016 016 016 016 016 016 016 016 016 016 016 016 016 016
017 017 017 017 017 017 017 017 017 017 017 017 017 017 017 017 017 017 017 017 017 017 017 017 017 017 017 017 017 017 017 017
018 018 018 018 018 018 018 018 018 018 018 018 018 018 018 018 018 018 018 018 018 018 018 018 018 018 018 018 018 018 018 018
019 019 019 019 019 019 019 019 019 019 019 019 019 019 019 019 019 019 019 019 019 019 019 019 019 019 019 019 019 019 019 019
020 020 020 020 020 020 020 020 020 020 020 020 020 020 020 020 020 020 020 020 020 020 020 020 020 020 020 020 020 020 020 020
021 021 021 021 021 021 021 021 021 021 021 021 021 021 021 021 021 021 021 021 021 021 021 021 021 021 021 021 021 021 021 021
022 022 022 022 022 022 022 022 022 022 022 022 022 022 022 022 022 022 022 022 022 022 022 022 022 022 022 022 022 022 022 022
023 023 023 023 023 023 023 023 023 023 023 023 023 023 023 023 023 023 023 023 023 023 023 023 023 023 023 023 023 023 023 023
024 024 024 024 024 024 024 024 024 024 024 024 024 024 024 024 024 024 024 024 024 024 024 024 024 024 024 024 024 024 024 024
025 025 025 025 025 025 025 025 025 025 025 025 025 025 025 025 025 025 025 025 025 025 025 025 025 025 025 025 025 025 025 025
026 026 026 026 026 026 026 026 026 026 026 026 026 026 026 026 026 026 026 026 026 026 026 026 026 026 026 026 026 026 026 026
027 027 027 027 027 027 027 027 027 027 027 027 027 027 027 027 027 027 027 027 027 027 027 027 027 027 027 027 027 027 027 027
028 028 028 028 028 028 028 028 028 028 028 028 028 028 028 028 028 028 028 028 028 028 028 028 028 028 028 028 028 028 028 028
029 029 029 029 029 029 029 029 029 029 029 029 029 029 029 029 029 029 029 029 029 029 029 029 029 029 029 029 029 029 029 029
030 030 030 030 030 030 030 030 030 030 030 030 030 030 030 030 030 030 030 030 030 030 030 030 030 030 030 030 030 030 030 030
031 031 031 031 031 031 031 031 031 031 031 031 031 031 031 031 031 031 031 031 031 031 031 031 031 031 031 031 031 031 031 031
013 013 013 013 013 013 013 013 013 013 013 013 013 013 013 013 013 013 013 013 013 014 014 014 014 014 014 014 014 014 014 014
014 014 014 014 014 014 014 014 014 014 014 015 015 015 015 015 015 015 015 015 015 015 015 015 015 015 015 015 015 015 015 015
015 016 016 016 016 016 016 016 016 016 016 016 016 016 016 016 016 016 016 016 016 016 016 017 017 017 017 017 017 017 017 017
017 017 017 017 017 017 017 017 017 017 017 017 018 018 018 018 018 018 018 018 018 018 018 018 018 018 018 018 018 018 018 018
018 019 019 019 019 019 019 019 019 019 019 019 019 019 019 019 019 019 019 019 019 019 020 020 020 020 020 020 020 020 020 020
020 020 020 020 020 020 020 020 020 020 020 021 021 021 021 021 021 021 021 021 021 021 021 021 021 021 021 021 021 021 021 021
021 022 022 022 022 022 022 022 022 022 022 022 022 022 022 022 022 022 022 022 022 022 023 023 023 023 023 023 023 023 023 023
023 023 023 023 023 023 023 023 023 023 023 023 023 023 023 024 024 024 024 024 024 024 024 024 024 024 024 024 024 024 024 024
024 025 025 025 025 025 025 025 025 025 025 025 025 025 025 025 025 025 025 025 025 025 025 026 026 026 026 026 026 026 026 026
026 026 026 026 026 026 026 026 026 026 026 026 026 027 027 027 027 027 027 027 027 027 027 027 027 027 027 027 027 027 027 027
027 027 027 028 028 028 028 028 028 028 028 028 028 028 028 028 028 028 028 028 028 028 028 028 029 029 029 029 029 029 029 029
029 029 029 029 029 029 029 029 029 029 029 029 029 029 029 030 030 030 030 030 030 030 030 030 030 030 030 030 030 030 030 030
030 030 030 031 031 031 031 031 031 031 031 031 031 031 031 031 031 031 031 031 031 031 031 031 032 032 032 032 032 032 032 032
